Event,Intentional Element
e1,T1
e2,T2
e3,T3
e4,T4
e5,T5
e6,T6
e7,T7
e8,T8
